     99.4887     -2.61698      99.8201 
     89.5458     -10.9543      89.5151 
     112.445      17.4462      112.529 
     32.6331      17.2227       32.228 
     107.809      16.6497      107.881 
     87.3539     -1.19643      86.7203 
     128.241     -14.8804      127.921 
      124.53     -7.92578      124.315 
     110.115       8.1942      110.329 
     101.916     -12.4296      101.852 
     143.561      -8.8166      142.916 
     73.9677     -16.0344      73.3904 
     87.4914      28.4233      88.0839 
     112.795      8.97328      113.006 
     77.4048     -9.43193      77.8703 
     164.021     -26.2564      163.289 
     95.6558      39.7346      95.4444 
     106.931     -24.9779      107.035 
      95.535     -4.85666      95.3305 
     90.8179     -8.44137      90.1508 
     86.0734      1.01741       86.199 
     94.3771     0.946525      94.1687 
      109.55      11.0604      109.124 
     68.2656     -14.6559      68.3032 
     123.216      19.2822      122.864 
     80.4945      2.11295      80.1998 
     100.773      20.2476       100.37 
     110.645     -15.4518      110.617 
     54.9881      14.8384       54.867 
     114.006     -12.5858      114.228 
     80.2907      12.7205      80.6279 
     93.3235      4.28613      93.3189 
     80.0358     -1.44791       79.611 
      159.47      7.00518      159.251 
     143.741     -1.43308      143.744 
      98.923      9.83419      98.9364 
     117.936      27.6116      118.064 
     87.2256      1.30853      87.1261 
     83.1586      18.9209      83.3457 
      90.839     -23.6178      91.1655 
      95.458     -3.49093      95.0913 
     102.573      10.1965      102.629 
     78.9125     -5.45026      78.9391 
     121.154     -24.7849      121.031 
      101.75     -2.40541      101.414 
     61.7073     -3.94912      61.6537 
     98.5896     -16.0517      98.9437 
     95.0394      22.3737      94.8454 
     111.173     -7.90069      111.139 
     67.5981     -16.3532      68.2782 
     67.1352     -8.01593      67.3769 
     74.6669     -13.6813      74.5291 
     105.985      14.7598      106.186 
     84.9612     -17.1651      84.8379 
     110.095       3.6832      110.453 
      78.655      3.89614      78.1449 
     100.267      9.35311      100.509 
     129.271     -27.5564      128.989 
     59.9423      4.01129      60.1778 
     121.392      2.84098      121.056 
     92.3303      8.51178      92.3471 
     99.2098      13.3939      98.9752 
      108.86      13.7821      109.138 
     130.403      16.1755      129.968 
     116.909     -18.7231      117.315 
     55.7147     -1.58797      55.9746 
     61.3284      -3.7433      61.1512 
     129.524     -22.3473      129.291 
     76.9515      10.7742      76.6362 
     91.5006     -7.03278      91.8362 
     106.201     -16.5279      106.514 
     91.6892      21.5718      91.9779 
     108.105     -5.21697       108.12 
     41.4568      21.6508      41.3502 
      100.75      19.9275      100.578 
     123.623      7.42407      123.765 
     78.9436      4.62521      78.8954 
     65.9952     -10.8498      65.8105 
     111.478       13.534      111.504 
     66.4578       5.9802      66.7047 
     49.9667      14.7744      49.6532 
     42.9973       23.835      42.9113 
     111.067     0.095483       111.02 
     143.086      7.47746      143.144 
     103.048       -5.426       103.29 
     131.876      11.2233      131.947 
     90.5468      13.7633      90.4919 
     118.916     -10.9858      118.764 
     85.6958        11.34      85.4063 
     128.446     -9.94005       128.74 
     89.8922      3.99066      90.2306 
     72.3991     -2.16329      71.8863 
     90.9267      14.9881      90.9451 
     73.7549     -3.56215      73.8545 
     123.257      17.4865      123.201 
     134.084      9.47911      134.478 
     79.7213      16.0451      80.2863 
     88.7206      4.14045      88.1424 
     85.7508     -12.7022      86.3382 
     120.239     -24.7393      119.996 
     101.926     0.966116      101.784 
     115.477     -14.0417      115.084 
     116.829     -22.5653      116.705 
     71.7921     -7.50095       71.809 
     79.7269      8.08373      79.7412 
     142.033      4.20937      141.841 
     108.367      15.7247      108.083 
     83.6362     -3.48178      83.8385 
     92.5828     -1.28195      92.3833 
     84.0369     -4.11947      83.9981 
     73.6282     -8.89427      73.4561 
     100.689      5.63276      100.597 
     60.7057      3.25888      60.3674 
     67.1287      7.14177      67.0984 
     117.774     -4.59961      117.353 
      56.633     -15.0708      56.6155 
     78.0729      11.4209      78.1845 
     101.028     -24.8212      100.727 
     119.593      28.6899       119.64 
     101.845     -2.91321      101.332 
     130.179      15.5413      129.833 
     98.7219     -12.8785       99.177 
     51.4417      24.1633      51.0914 
     96.8867      16.7658       96.776 
     118.246     -3.67048      118.087 
     92.9342     -9.22442      92.7564 
     99.6481     -13.4932      99.8032 
     80.0976     -23.9333      79.9441 
     65.9051     -7.95275      65.7997 
     117.855     -5.04239      117.912 
     82.9608      -3.3965      83.1914 
     86.5158     -12.3118      87.1828 
     138.843      4.58223      139.087 
     110.422     -3.38085      110.299 
     127.484      15.9007      127.635 
     85.6653     -11.8231      86.1169 
     79.5128     -4.82972      79.1743 
     119.116     -7.68997      118.911 
     131.475      1.97525      131.185 
     87.7564      10.9773      87.8878 
     56.9015     -1.05839      56.9412 
     116.951     -7.64564      116.515 
     167.162      5.32019      166.734 
     76.6264     -13.8433      77.0155 
     52.5283      17.0002      52.8358 
     93.5148      6.86564      93.6486 
     140.964      21.3759       140.96 
     79.2627       9.6899      79.1703 
     59.7359      3.30956      59.8124 
     113.141     -3.92042      113.052 
     115.776      10.0191      115.509 
     110.601     -18.5654      110.752 
     110.002      13.0646      109.768 
     118.126     -4.65421      118.229 
     103.893      5.45903      103.575 
     113.608     -2.37294      113.273 
     106.264     -8.13407      106.561 
     57.4538      1.02282      57.2143 
     63.9122     -16.2117      63.5844 
      182.69      4.68477      182.619 
     88.9156      13.7137      88.7494 
     134.882      -7.6247      134.867 
     104.166      13.6223      104.156 
     95.5059      1.85389       95.309 
     36.3942    -0.829262      36.4083 
     89.1226      24.5141      89.2188 
     122.491     -2.33339      122.224 
     116.631       9.5932      116.896 
     122.041      22.5567       122.12 
     90.0477     -3.93807      90.1201 
     78.3052      -11.656      78.4466 
     104.748      8.09396      104.756 
     133.113      -1.7731      132.683 
     147.141     -3.13417      147.306 
     131.268      1.97516      131.463 
     130.994      26.4728      130.905 
     71.7032     -37.8252      71.6218 
     92.0045      12.0046      91.5616 
     83.1071     -16.0615       82.814 
     135.556      -34.325      135.296 
     93.0959       15.452      93.4112 
     133.352     -5.50728      133.321 
     123.484     -3.19248      123.578 
     78.6235     -15.5124      78.8874 
     59.1061     -9.82027      59.0247 
     127.182     -16.0291      127.412 
     108.461     -2.25872        108.1 
     50.3701      4.97686      50.8419 
     94.6446      10.4741      94.2555 
     88.0185      25.3424      88.5005 
     141.592     -14.3919      141.377 
     83.0265     -11.2851      83.5178 
     110.436     -4.13695       110.59 
     112.264     -9.97299      112.013 
     112.739     -3.94849      112.573 
     100.356      15.6212      100.896 
     80.6366      -17.235      80.5795 
     125.611     -29.6433      126.261 
     106.965     -15.6089      106.658 
     75.9564      4.04663      76.2855 
