0 1382.3 1274.85
0.001 259.017 238.883
0.002 -1285.23 -1185.32
0.003 -740.674 -683.099
0.004 1007.65 929.323
0.005 1118.31 1031.37
0.006 -588.554 -542.803
0.007 -1338.87 -1234.8
0.008 86.7937 80.0468
0.009 1371.4 1264.79
0.01 427.156 393.951
0.011 -1211.32 -1117.16
0.012 -881.112 -812.62
0.013 881.109 812.617
0.014 1211.32 1117.16
0.015 -427.153 -393.948
0.016 -1371.4 -1264.79
0.017 -86.798 -80.0519
0.018 1338.87 1234.79
0.019 588.558 542.806
0.02 -1118.3 -1031.37
0.021 -1007.66 -929.326
0.022 740.67 683.093
0.023 1285.23 1185.32
0.024 -259.015 -238.878
0.025 -1382.3 -1274.85
0.026 -259.023 -238.885
0.027 1285.23 1185.32
0.028 740.678 683.098
0.029 -1007.65 -929.322
0.03 -1118.31 -1031.37
0.031 588.553 542.802
0.032 1338.87 1234.8
0.033 -86.7842 -80.0381
0.034 -1371.4 -1264.8
0.035 -427.174 -393.966
0.036 1211.31 1117.15
0.037 881.13 812.636
0.038 -881.09 -812.599
0.039 -1211.33 -1117.17
0.04 427.119 393.92
0.041 1371.41 1264.8
0.042 86.8364 80.0889
0.043 -1338.86 -1234.79
0.044 -588.6 -542.846
0.045 1118.27 1031.34
0.046 1007.69 929.362
0.047 -740.624 -683.048
0.048 -1285.26 -1185.35
0.049 258.951 238.823
