     00           -10          -9          -8          -7          -6          -5          -4          -3          -2          -1           0           1           2           3           4           5           6           7           8           9          10  
       -10  2.01556e-15  3.31452e-14  2.44913e-13  8.13136e-13  1.21306e-12  8.13137e-13  2.44912e-13  3.31453e-14  2.01556e-15  5.50728e-17  6.76147e-19    3.73e-21  9.24574e-24  1.02978e-26  5.15351e-30  1.15885e-33  1.17089e-37  5.31513e-42           0           0           0  
        -9  3.31452e-14  8.80859e-13  1.05186e-11  5.6438e-11  1.36067e-10  1.47399e-10  7.17468e-11  1.56919e-11  1.54209e-12  6.80946e-14  1.35107e-15  1.20451e-17  4.82506e-20  8.68483e-23  7.02398e-26  2.55252e-29  4.16798e-33  3.05801e-37  1.00809e-41           0           0  
        -8  2.44913e-13  1.05186e-11  2.02987e-10  1.76013e-09  6.8578e-09  1.20058e-08  9.44408e-09  3.33806e-09  5.30141e-10  3.78316e-11  1.21306e-12  1.74772e-14  1.13143e-16  3.29116e-19  4.30163e-22  2.5263e-25  6.66641e-29  7.90449e-33  4.21128e-37  1.00809e-41           0  
        -7  8.13136e-13  5.6438e-11  1.76013e-09  2.46651e-08  1.55305e-07  4.39391e-07  5.58575e-07  3.19063e-07  8.1891e-08  9.4441e-09  4.89383e-10  1.13946e-11  1.19212e-13  5.60402e-16  1.18371e-18  1.12345e-21  4.79108e-25  9.18061e-29  7.90449e-33  3.05801e-37  5.31513e-42  
        -6  1.21306e-12  1.36067e-10  6.8578e-09  1.55305e-07  1.58033e-06  7.22562e-06  1.48446e-05  1.37033e-05  5.68387e-06  1.05933e-06  8.87114e-08  3.33805e-09  5.6438e-11  4.2876e-13  1.4636e-15  2.24488e-18  1.54714e-21  4.79108e-25  6.66641e-29  4.16798e-33  1.17089e-37  
        -5  8.13137e-13  1.47399e-10  1.20058e-08  4.39391e-07  7.22562e-06  5.33905e-05  0.000177263  0.000264445  0.000177263  5.33905e-05  7.22562e-06  4.3939e-07  1.20058e-08  1.47399e-10  8.13138e-13  2.01556e-15  2.24488e-18  1.12345e-21  2.5263e-25  2.55252e-29  1.15885e-33  
        -4  2.44912e-13  7.17468e-11  9.44408e-09  5.58575e-07  1.48446e-05  0.000177263  0.000951113  0.00229304  0.00248402   0.0012091  0.000264445  2.5988e-05  1.14755e-06  2.27687e-08  2.02987e-10  8.13138e-13  1.4636e-15  1.18371e-18  4.30163e-22  7.02398e-26  5.15351e-30  
        -3  3.31453e-14  1.56919e-11  3.33806e-09  3.19063e-07  1.37033e-05  0.000264445  0.00229304  0.00893413   0.0156407   0.0123034  0.00434871  0.00069065  4.92857e-05  1.58033e-06  2.27687e-08  1.47399e-10  4.2876e-13  5.60402e-16  3.29116e-19  8.68483e-23  1.02978e-26  
        -2  2.01556e-15  1.54209e-12  5.30141e-10  8.1891e-08  5.68387e-06  0.000177263  0.00248402   0.0156407    0.044251   0.0562541   0.0321328  0.00824724  0.000951113  4.92857e-05  1.14755e-06  1.20058e-08  5.6438e-11  1.19212e-13  1.13143e-16  4.82506e-20  9.24574e-24  
        -1  5.50728e-17  6.80946e-14  3.78316e-11  9.4441e-09  1.05933e-06  5.33905e-05   0.0012091   0.0123034   0.0562541     0.11557    0.106685    0.044251  0.00824724  0.00069065  2.5988e-05  4.3939e-07  3.33805e-09  1.13946e-11  1.74772e-14  1.20451e-17    3.73e-21  
         0  6.76147e-19  1.35107e-15  1.21306e-12  4.89383e-10  8.87114e-08  7.22562e-06  0.000264445  0.00434871   0.0321328    0.106685    0.159155    0.106685   0.0321328  0.00434871  0.000264445  7.22562e-06  8.87114e-08  4.89383e-10  1.21306e-12  1.35107e-15  6.76147e-19  
         1    3.73e-21  1.20451e-17  1.74772e-14  1.13946e-11  3.33805e-09  4.3939e-07  2.5988e-05  0.00069065  0.00824724    0.044251    0.106685     0.11557   0.0562541   0.0123034   0.0012091  5.33905e-05  1.05933e-06  9.4441e-09  3.78316e-11  6.80946e-14  5.50728e-17  
         2  9.24574e-24  4.82506e-20  1.13143e-16  1.19212e-13  5.6438e-11  1.20058e-08  1.14755e-06  4.92857e-05  0.000951113  0.00824724   0.0321328   0.0562541    0.044251   0.0156407  0.00248402  0.000177263  5.68387e-06  8.1891e-08  5.30141e-10  1.54209e-12  2.01556e-15  
         3  1.02978e-26  8.68483e-23  3.29116e-19  5.60402e-16  4.2876e-13  1.47399e-10  2.27687e-08  1.58033e-06  4.92857e-05  0.00069065  0.00434871   0.0123034   0.0156407  0.00893413  0.00229304  0.000264445  1.37033e-05  3.19063e-07  3.33806e-09  1.56919e-11  3.31453e-14  
         4  5.15351e-30  7.02398e-26  4.30163e-22  1.18371e-18  1.4636e-15  8.13138e-13  2.02987e-10  2.27687e-08  1.14755e-06  2.5988e-05  0.000264445   0.0012091  0.00248402  0.00229304  0.000951113  0.000177263  1.48446e-05  5.58575e-07  9.44408e-09  7.17468e-11  2.44912e-13  
         5  1.15885e-33  2.55252e-29  2.5263e-25  1.12345e-21  2.24488e-18  2.01556e-15  8.13138e-13  1.47399e-10  1.20058e-08  4.3939e-07  7.22562e-06  5.33905e-05  0.000177263  0.000264445  0.000177263  5.33905e-05  7.22562e-06  4.39391e-07  1.20058e-08  1.47399e-10  8.13137e-13  
         6  1.17089e-37  4.16798e-33  6.66641e-29  4.79108e-25  1.54714e-21  2.24488e-18  1.4636e-15  4.2876e-13  5.6438e-11  3.33805e-09  8.87114e-08  1.05933e-06  5.68387e-06  1.37033e-05  1.48446e-05  7.22562e-06  1.58033e-06  1.55305e-07  6.8578e-09  1.36067e-10  1.21306e-12  
         7  5.31513e-42  3.05801e-37  7.90449e-33  9.18061e-29  4.79108e-25  1.12345e-21  1.18371e-18  5.60402e-16  1.19212e-13  1.13946e-11  4.89383e-10  9.4441e-09  8.1891e-08  3.19063e-07  5.58575e-07  4.39391e-07  1.55305e-07  2.46651e-08  1.76013e-09  5.6438e-11  8.13136e-13  
         8           0  1.00809e-41  4.21128e-37  7.90449e-33  6.66641e-29  2.5263e-25  4.30163e-22  3.29116e-19  1.13143e-16  1.74772e-14  1.21306e-12  3.78316e-11  5.30141e-10  3.33806e-09  9.44408e-09  1.20058e-08  6.8578e-09  1.76013e-09  2.02987e-10  1.05186e-11  2.44913e-13  
         9           0           0  1.00809e-41  3.05801e-37  4.16798e-33  2.55252e-29  7.02398e-26  8.68483e-23  4.82506e-20  1.20451e-17  1.35107e-15  6.80946e-14  1.54209e-12  1.56919e-11  7.17468e-11  1.47399e-10  1.36067e-10  5.6438e-11  1.05186e-11  8.80859e-13  3.31452e-14  
        10           0           0           0  5.31513e-42  1.17089e-37  1.15885e-33  5.15351e-30  1.02978e-26  9.24574e-24    3.73e-21  6.76147e-19  5.50728e-17  2.01556e-15  3.31453e-14  2.44912e-13  8.13137e-13  1.21306e-12  8.13136e-13  2.44913e-13  3.31452e-14  2.01556e-15  
